13,08,2020,21,38,51,23.4,2.2,902.2
13,08,2020,21,38,52,23.4,2.2,902.2
13,08,2020,21,38,53,23.4,2.2,902.2
13,08,2020,21,38,54,23.4,2.2,902.2
13,08,2020,21,38,55,23.4,2.2,902.2
13,08,2020,21,38,56,23.4,2.2,902.2
13,08,2020,21,38,57,23.4,2.2,902.2
13,08,2020,21,38,58,23.4,2.2,902.2
13,08,2020,21,38,59,23.4,2.2,902.2
13,08,2020,21,39,00,23.4,2.2,902.2
13,08,2020,21,39,01,23.4,2.2,902.2
13,08,2020,21,39,02,23.4,2.2,902.2
13,08,2020,21,39,03,23.4,2.2,902.2
13,08,2020,21,39,04,23.4,2.2,902.2
13,08,2020,21,39,05,23.4,2.2,902.2
13,08,2020,21,39,06,23.4,2.2,902.2
13,08,2020,21,39,07,23.4,2.2,902.2
13,08,2020,21,39,08,23.4,2.2,902.2
13,08,2020,21,39,09,23.4,2.2,902.2
13,08,2020,21,39,10,23.4,2.2,902.2
13,08,2020,21,39,11,23.4,2.2,902.2
13,08,2020,21,39,12,23.4,2.2,902.2
13,08,2020,21,39,13,23.4,2.2,902.2
13,08,2020,21,39,14,23.4,2.2,902.2
13,08,2020,21,39,15,23.4,2.2,902.2
13,08,2020,21,39,16,23.4,2.2,902.2
13,08,2020,21,39,17,23.4,2.2,902.2
13,08,2020,21,39,18,23.4,2.2,902.2
13,08,2020,21,39,19,23.4,2.2,902.2
13,08,2020,21,39,20,23.4,2.2,902.2
13,08,2020,21,39,21,23.4,2.2,902.2
13,08,2020,21,39,22,23.4,2.2,902.2
13,08,2020,21,39,23,23.4,2.2,902.2
13,08,2020,21,39,47,23.4,2.2,902.2
13,08,2020,21,39,48,23.4,2.2,902.2
13,08,2020,21,39,49,23.4,2.2,902.2
13,08,2020,21,39,50,23.4,2.2,902.2
13,08,2020,21,39,51,23.4,2.2,902.2
13,08,2020,21,39,52,23.4,2.2,902.2
13,08,2020,21,39,53,23.4,2.2,902.2
13,08,2020,21,39,54,23.4,2.2,902.2
13,08,2020,21,39,55,23.4,2.2,902.2
13,08,2020,21,39,56,23.4,2.2,902.2
13,08,2020,21,39,57,23.4,2.2,902.2
13,08,2020,21,39,58,23.4,2.2,902.2
13,08,2020,21,39,59,23.4,2.2,902.2
13,08,2020,21,40,00,23.4,2.2,902.2
13,08,2020,21,40,01,23.4,2.2,902.2
13,08,2020,21,40,02,23.4,2.2,902.2
13,08,2020,21,40,03,23.4,2.2,902.2
13,08,2020,21,40,04,23.4,2.2,902.2
13,08,2020,21,40,05,23.4,2.2,902.2
13,08,2020,21,40,06,23.4,2.2,902.2
13,08,2020,21,40,07,23.4,2.2,902.2
13,08,2020,21,40,36,23.4,2.2,902.2
13,08,2020,21,40,37,23.4,2.2,902.2
13,08,2020,21,40,38,23.4,2.2,902.2
13,08,2020,21,40,39,23.4,2.2,902.2
13,08,2020,21,40,40,23.4,2.2,902.2
13,08,2020,21,40,41,23.4,2.2,902.2
13,08,2020,21,40,42,23.4,2.2,902.2
13,08,2020,21,40,43,23.4,2.2,902.2
13,08,2020,21,40,44,23.4,2.2,902.2
13,08,2020,21,40,45,23.4,2.2,902.2
13,08,2020,21,40,46,23.4,2.2,902.2
13,08,2020,21,40,47,23.4,2.2,902.2
13,08,2020,21,40,48,23.4,2.2,902.2
13,08,2020,21,40,49,23.4,2.2,902.2
13,08,2020,21,40,50,23.4,2.2,902.2
13,08,2020,21,40,51,23.4,2.2,902.2
13,08,2020,21,40,52,23.4,2.2,902.2
13,08,2020,21,40,53,23.4,2.2,902.2
13,08,2020,21,40,54,23.4,2.2,902.2
13,08,2020,21,40,55,23.4,2.2,902.2
13,08,2020,21,40,56,23.4,2.2,902.2
13,08,2020,21,40,57,23.4,2.2,902.2
13,08,2020,21,40,58,23.4,2.2,902.2
13,08,2020,21,40,59,23.4,2.2,902.2
13,08,2020,21,41,00,23.4,2.2,902.2
13,08,2020,21,41,01,23.4,2.2,902.2
13,08,2020,21,41,02,23.4,2.2,902.2
13,08,2020,21,41,03,23.4,2.2,902.2
13,08,2020,21,41,04,23.4,2.2,902.2
13,08,2020,21,41,06,23.4,2.2,902.2
13,08,2020,21,41,06,23.4,2.2,902.2
13,08,2020,21,41,07,23.4,2.2,902.2
13,08,2020,21,41,08,23.4,2.2,902.2
13,08,2020,21,41,09,23.4,2.2,902.2
13,08,2020,21,41,10,23.4,2.2,902.2
13,08,2020,21,41,11,23.4,2.2,902.2
13,08,2020,21,41,12,23.4,2.2,902.2
13,08,2020,21,41,13,23.4,2.2,902.2
13,08,2020,21,41,14,23.4,2.2,902.2
13,08,2020,21,41,15,23.4,2.2,902.2
13,08,2020,21,41,16,23.4,2.2,902.2
13,08,2020,21,41,17,23.4,2.2,902.2
13,08,2020,21,41,18,23.4,2.2,902.2
13,08,2020,21,41,19,23.4,2.2,902.2
13,08,2020,21,41,20,23.4,2.2,902.2
13,08,2020,21,41,21,23.4,2.2,902.2
13,08,2020,21,41,22,23.4,2.2,902.2
13,08,2020,21,41,24,23.4,2.2,902.2
13,08,2020,21,41,24,23.4,2.2,902.2
13,08,2020,21,41,25,23.4,2.2,902.2
13,08,2020,21,41,26,23.4,2.2,902.2
13,08,2020,21,41,27,23.4,2.2,902.2
13,08,2020,21,41,28,23.4,2.2,902.2
13,08,2020,21,41,29,23.4,2.2,902.2
13,08,2020,21,41,30,23.4,2.2,902.2
13,08,2020,21,41,32,23.4,2.2,902.2
13,08,2020,21,41,32,23.4,2.2,902.2
13,08,2020,21,41,33,23.4,2.2,902.2
13,08,2020,21,41,34,23.4,2.2,902.2
13,08,2020,21,41,36,23.4,2.2,902.2
13,08,2020,21,41,36,23.4,2.2,902.2
13,08,2020,21,41,37,23.4,2.2,902.2
13,08,2020,21,41,38,23.4,2.2,902.2
13,08,2020,21,41,39,23.4,2.2,902.2
13,08,2020,21,41,40,23.4,2.2,902.2
13,08,2020,21,41,41,23.4,2.2,902.2
13,08,2020,21,41,42,23.4,2.2,902.2
13,08,2020,21,41,43,23.4,2.2,902.2
13,08,2020,21,41,44,23.4,2.2,902.2
13,08,2020,21,41,45,23.4,2.2,902.2
13,08,2020,21,41,46,23.4,2.2,902.2
13,08,2020,21,41,47,23.4,2.2,902.2
13,08,2020,21,41,48,23.4,2.2,902.2
13,08,2020,21,41,49,23.4,2.2,902.2
13,08,2020,21,41,50,23.4,2.2,902.2
13,08,2020,21,41,51,23.4,2.2,902.2
13,08,2020,21,41,52,23.4,2.2,902.2
13,08,2020,21,41,53,23.4,2.2,902.2
13,08,2020,21,41,54,23.4,2.2,902.2
13,08,2020,21,41,55,23.4,2.2,902.2
13,08,2020,21,41,56,23.4,2.2,902.2
13,08,2020,21,41,57,23.4,2.2,902.2
13,08,2020,21,41,58,23.4,2.2,902.2
13,08,2020,21,41,59,23.4,2.2,902.2
13,08,2020,21,42,00,23.4,2.2,902.2
13,08,2020,21,42,01,23.4,2.2,902.2
13,08,2020,21,42,02,23.4,2.2,902.2
13,08,2020,21,42,03,23.4,2.2,902.2
13,08,2020,21,42,04,23.4,2.2,902.2
13,08,2020,21,42,05,23.4,2.2,902.2
13,08,2020,21,42,06,23.4,2.2,902.2
13,08,2020,21,42,07,23.4,2.2,902.2
13,08,2020,21,42,08,23.4,2.2,902.2
13,08,2020,21,42,09,23.4,2.2,902.2
13,08,2020,21,42,10,23.4,2.2,902.2
13,08,2020,21,42,11,23.4,2.2,902.2
13,08,2020,21,42,12,23.4,2.2,902.2
13,08,2020,21,42,13,23.4,2.2,902.2
13,08,2020,21,42,14,23.4,2.2,902.2
13,08,2020,21,42,15,23.4,2.2,902.2
13,08,2020,21,42,16,23.4,2.2,902.2
13,08,2020,21,42,17,23.4,2.2,902.2
13,08,2020,21,42,18,23.4,2.2,902.2
13,08,2020,21,42,19,23.4,2.2,902.2
13,08,2020,21,42,20,23.4,2.2,902.2
13,08,2020,21,42,21,23.4,2.2,902.2
13,08,2020,21,42,22,23.4,2.2,902.2
13,08,2020,21,42,23,23.4,2.2,902.2
13,08,2020,21,42,24,23.4,2.2,902.2
13,08,2020,21,42,25,23.4,2.2,902.2
13,08,2020,21,42,26,23.4,2.2,902.2
13,08,2020,21,42,27,23.4,2.2,902.2
13,08,2020,21,42,28,23.4,2.2,902.2
13,08,2020,21,42,29,23.4,2.2,902.2
13,08,2020,21,42,30,23.4,2.2,902.2
13,08,2020,21,42,31,23.4,2.2,902.2
13,08,2020,21,42,32,23.4,2.2,902.2
13,08,2020,21,42,33,23.4,2.2,902.2
13,08,2020,21,42,34,23.4,2.2,902.2
13,08,2020,21,42,35,23.4,2.2,902.2
13,08,2020,21,42,36,23.4,2.2,902.2
13,08,2020,21,42,37,23.4,2.2,902.2
13,08,2020,21,42,38,23.4,2.2,902.2
13,08,2020,21,42,39,23.4,2.2,902.2
13,08,2020,21,42,40,23.4,2.2,902.2
13,08,2020,21,42,41,23.4,2.2,902.2
13,08,2020,21,42,42,23.4,2.2,902.2
13,08,2020,21,42,43,23.4,2.2,902.2
13,08,2020,21,42,44,23.4,2.2,902.2
13,08,2020,21,42,45,23.4,2.2,902.2
13,08,2020,21,42,46,23.4,2.2,902.2
13,08,2020,21,42,47,23.4,2.2,902.2
13,08,2020,21,42,48,23.4,2.2,902.2
13,08,2020,21,42,49,23.4,2.2,902.2
13,08,2020,21,42,50,23.4,2.2,902.2
13,08,2020,21,42,51,23.4,2.2,902.2
13,08,2020,21,42,52,23.4,2.2,902.2
13,08,2020,21,42,53,23.4,2.2,902.2
13,08,2020,21,42,54,23.4,2.2,902.2
13,08,2020,21,42,55,23.4,2.2,902.2
13,08,2020,21,42,56,23.4,2.2,902.2
13,08,2020,21,42,57,23.4,2.2,902.2
13,08,2020,21,42,58,23.4,2.2,902.2
13,08,2020,21,42,59,23.4,2.2,902.2
13,08,2020,21,43,00,23.4,2.2,902.2
13,08,2020,21,43,01,23.4,2.2,902.2
13,08,2020,21,43,02,23.4,2.2,902.2
13,08,2020,21,43,03,23.4,2.2,902.2
13,08,2020,21,43,04,23.4,2.2,902.2
13,08,2020,21,43,05,23.4,2.2,902.2
13,08,2020,21,43,06,23.4,2.2,902.2
13,08,2020,21,43,07,23.4,2.2,902.2
13,08,2020,21,43,08,23.4,2.2,902.2
13,08,2020,21,43,09,23.4,2.2,902.2
13,08,2020,21,43,10,23.4,2.2,902.2
13,08,2020,21,43,11,23.4,2.2,902.2
13,08,2020,21,43,12,23.4,2.2,902.2
13,08,2020,21,43,13,23.4,2.2,902.2
13,08,2020,21,43,14,23.4,2.2,902.2
13,08,2020,21,43,15,23.4,2.2,902.2
13,08,2020,21,43,16,23.4,2.2,902.2
13,08,2020,21,43,17,23.4,2.2,902.2
13,08,2020,21,43,18,23.4,2.2,902.2
13,08,2020,21,43,19,23.4,2.2,902.2
13,08,2020,21,43,20,23.4,2.2,902.2
13,08,2020,21,43,21,23.4,2.2,902.2
13,08,2020,21,43,22,23.4,2.2,902.2
13,08,2020,21,43,23,23.4,2.2,902.2
13,08,2020,21,43,24,23.4,2.2,902.2
13,08,2020,21,43,25,23.4,2.2,902.2
13,08,2020,21,43,26,23.4,2.2,902.2
13,08,2020,21,43,27,23.4,2.2,902.2
13,08,2020,21,43,28,23.4,2.2,902.2
13,08,2020,21,43,29,23.4,2.2,902.2
13,08,2020,21,43,30,23.4,2.2,902.2
13,08,2020,21,43,31,23.4,2.2,902.2
13,08,2020,21,43,32,23.4,2.2,902.2
13,08,2020,21,43,33,23.4,2.2,902.2
13,08,2020,21,43,34,23.4,2.2,902.2
13,08,2020,21,43,35,23.4,2.2,902.2
13,08,2020,21,43,36,23.4,2.2,902.2
13,08,2020,21,43,37,23.4,2.2,902.2
13,08,2020,21,43,38,23.4,2.2,902.2
13,08,2020,21,43,39,23.4,2.2,902.2
13,08,2020,21,43,40,23.4,2.2,902.2
13,08,2020,21,43,41,23.4,2.2,902.2
13,08,2020,21,43,42,23.4,2.2,902.2
13,08,2020,21,43,43,23.4,2.2,902.2
13,08,2020,21,43,44,23.4,2.2,902.2
13,08,2020,21,43,45,23.4,2.2,902.2
13,08,2020,21,43,46,23.4,2.2,902.2
13,08,2020,21,43,47,23.4,2.2,902.2
13,08,2020,21,43,48,23.4,2.2,902.2
13,08,2020,21,43,49,23.4,2.2,902.2
13,08,2020,21,43,50,23.4,2.2,902.2
13,08,2020,21,43,51,23.4,2.2,902.2
13,08,2020,21,43,52,23.4,2.2,902.2
13,08,2020,21,43,53,23.4,2.2,902.2
13,08,2020,21,43,54,23.4,2.2,902.2
13,08,2020,21,43,55,23.4,2.2,902.2
13,08,2020,21,43,56,23.4,2.2,902.2
13,08,2020,21,43,57,23.4,2.2,902.2
13,08,2020,21,43,58,23.4,2.2,902.2
13,08,2020,21,43,59,23.4,2.2,902.2
13,08,2020,21,44,00,23.4,2.2,902.2
13,08,2020,21,44,01,23.4,2.2,902.2
13,08,2020,21,44,02,23.4,2.2,902.2
13,08,2020,21,44,03,23.4,2.2,902.2
13,08,2020,21,44,04,23.4,2.2,902.2
13,08,2020,21,44,05,23.4,2.2,902.2
13,08,2020,21,44,06,23.4,2.2,902.2
13,08,2020,21,44,07,23.4,2.2,902.2
13,08,2020,21,44,08,23.4,2.2,902.2
13,08,2020,21,44,10,23.4,2.2,902.2
13,08,2020,21,44,10,23.4,2.2,902.2
13,08,2020,21,44,11,23.4,2.2,902.2
13,08,2020,21,44,12,23.4,2.2,902.2
13,08,2020,21,44,13,23.4,2.2,902.2
13,08,2020,21,44,14,23.4,2.2,902.2
13,08,2020,21,44,15,23.4,2.2,902.2
13,08,2020,21,44,16,23.4,2.2,902.2
13,08,2020,21,44,17,23.4,2.2,902.2
13,08,2020,21,44,18,23.4,2.2,902.2
13,08,2020,21,44,19,23.4,2.2,902.2
13,08,2020,21,44,20,23.4,2.2,902.2
13,08,2020,21,44,21,23.4,2.2,902.2
13,08,2020,21,44,22,23.4,2.2,902.2
13,08,2020,21,44,23,23.4,2.2,902.2
13,08,2020,21,44,24,23.4,2.2,902.2
13,08,2020,21,44,25,23.4,2.2,902.2
13,08,2020,21,44,26,23.4,2.2,902.2
13,08,2020,21,44,28,23.4,2.2,902.2
13,08,2020,21,44,28,23.4,2.2,902.2
13,08,2020,21,44,29,23.4,2.2,902.2
13,08,2020,21,44,30,23.4,2.2,902.2
13,08,2020,21,44,31,23.4,2.2,902.2
13,08,2020,21,44,33,23.4,2.2,902.2
13,08,2020,21,44,33,23.4,2.2,902.2
13,08,2020,21,44,34,23.4,2.2,902.2
13,08,2020,21,44,35,23.4,2.2,902.2
13,08,2020,21,44,36,23.4,2.2,902.2
13,08,2020,21,44,37,23.4,2.2,902.2
13,08,2020,21,44,38,23.4,2.2,902.2
13,08,2020,21,44,39,23.4,2.2,902.2
13,08,2020,21,44,40,23.4,2.2,902.2
13,08,2020,21,44,41,23.4,2.2,902.2
13,08,2020,21,44,42,23.4,2.2,902.2
13,08,2020,21,44,44,23.4,2.2,902.2
13,08,2020,21,44,44,23.4,2.2,902.2
13,08,2020,21,44,45,23.4,2.2,902.2
13,08,2020,21,44,46,23.4,2.2,902.2
13,08,2020,21,44,47,23.4,2.2,902.2
13,08,2020,21,44,48,23.4,2.2,902.2
13,08,2020,21,44,49,23.4,2.2,902.2
13,08,2020,21,44,50,23.4,2.2,902.2
13,08,2020,21,44,51,23.4,2.2,902.2
13,08,2020,21,44,52,23.4,2.2,902.2
13,08,2020,21,44,54,23.4,2.2,902.2
13,08,2020,21,44,54,23.4,2.2,902.2
13,08,2020,21,44,55,23.4,2.2,902.2
13,08,2020,21,44,56,23.4,2.2,902.2
13,08,2020,21,44,57,23.4,2.2,902.2
13,08,2020,21,44,59,23.4,2.2,902.2
13,08,2020,21,44,59,23.4,2.2,902.2
13,08,2020,21,45,00,23.4,2.2,902.2
13,08,2020,21,45,01,23.4,2.2,902.2
13,08,2020,21,45,02,23.4,2.2,902.2
13,08,2020,21,45,03,23.4,2.2,902.2
13,08,2020,21,45,04,23.4,2.2,902.2
13,08,2020,21,45,05,23.4,2.2,902.2
13,08,2020,21,45,06,23.4,2.2,902.2
13,08,2020,21,45,07,23.4,2.2,902.2
13,08,2020,21,45,08,23.4,2.2,902.2
13,08,2020,21,45,09,23.4,2.2,902.2
13,08,2020,21,45,10,23.4,2.2,902.2
13,08,2020,21,45,11,23.4,2.2,902.2
13,08,2020,21,45,12,23.4,2.2,902.2
13,08,2020,21,45,13,23.4,2.2,902.2
13,08,2020,21,45,14,23.4,2.2,902.2
13,08,2020,21,45,15,23.4,2.2,902.2
13,08,2020,21,45,16,23.4,2.2,902.2
13,08,2020,21,45,17,23.4,2.2,902.2
13,08,2020,21,45,18,23.4,2.2,902.2
13,08,2020,21,45,19,23.4,2.2,902.2
13,08,2020,21,45,20,23.4,2.2,902.2
13,08,2020,21,45,21,23.4,2.2,902.2
13,08,2020,21,45,22,23.4,2.2,902.2
13,08,2020,21,45,23,23.4,2.2,902.2
13,08,2020,21,45,24,23.4,2.2,902.2
13,08,2020,21,45,25,23.4,2.2,902.2
13,08,2020,21,45,26,23.4,2.2,902.2
13,08,2020,21,45,27,23.4,2.2,902.2
13,08,2020,21,45,28,23.4,2.2,902.2
13,08,2020,21,45,29,23.4,2.2,902.2
13,08,2020,21,45,30,23.4,2.2,902.2
13,08,2020,21,45,31,23.4,2.2,902.2
13,08,2020,21,45,32,23.4,2.2,902.2
13,08,2020,21,45,33,23.4,2.2,902.2
13,08,2020,21,45,34,23.4,2.2,902.2
13,08,2020,21,45,35,23.4,2.2,902.2
13,08,2020,21,45,39,23.4,2.2,902.2
13,08,2020,21,45,40,23.4,2.2,902.2
13,08,2020,21,45,41,23.4,2.2,902.2
13,08,2020,21,45,42,23.4,2.2,902.2
13,08,2020,21,45,43,23.4,2.2,902.2
13,08,2020,21,45,44,23.4,2.2,902.2
13,08,2020,21,45,45,23.4,2.2,902.2
13,08,2020,21,45,46,23.4,2.2,902.2
13,08,2020,21,45,47,23.4,2.2,902.2
13,08,2020,21,45,48,23.4,2.2,902.2
13,08,2020,21,45,49,23.4,2.2,902.2
13,08,2020,21,45,50,23.4,2.2,902.2
13,08,2020,21,45,51,23.4,2.2,902.2
13,08,2020,21,45,52,23.4,2.2,902.2
13,08,2020,21,45,53,23.4,2.2,902.2
13,08,2020,21,45,54,23.4,2.2,902.2
13,08,2020,21,45,55,23.4,2.2,902.2
13,08,2020,21,45,56,23.4,2.2,902.2
13,08,2020,21,45,57,23.4,2.2,902.2
13,08,2020,21,45,58,23.4,2.2,902.2
13,08,2020,21,45,59,23.4,2.2,902.2
13,08,2020,21,46,00,23.4,2.2,902.2
13,08,2020,21,46,01,23.4,2.2,902.2
13,08,2020,21,46,02,23.4,2.2,902.2
13,08,2020,21,46,03,23.4,2.2,902.2
13,08,2020,21,46,04,23.4,2.2,902.2
13,08,2020,21,46,07,23.4,2.2,902.2
13,08,2020,21,46,08,23.4,2.2,902.2
13,08,2020,21,46,09,23.4,2.2,902.2
13,08,2020,21,46,10,23.4,2.2,902.2
13,08,2020,21,46,11,23.4,2.2,902.2
13,08,2020,21,46,12,23.4,2.2,902.2
13,08,2020,21,46,13,23.4,2.2,902.2
13,08,2020,21,46,14,23.4,2.2,902.2
13,08,2020,21,46,15,23.4,2.2,902.2
13,08,2020,21,46,16,23.4,2.2,902.2
13,08,2020,21,46,17,23.4,2.2,902.2
13,08,2020,21,46,18,23.4,2.2,902.2
13,08,2020,21,46,19,23.4,2.2,902.2
13,08,2020,21,46,20,23.4,2.2,902.2
13,08,2020,21,46,21,23.4,2.2,902.2
13,08,2020,21,46,22,23.4,2.2,902.2
13,08,2020,21,46,23,23.4,2.2,902.2
13,08,2020,21,46,24,23.4,2.2,902.2
13,08,2020,21,46,25,23.4,2.2,902.2
13,08,2020,21,46,26,23.4,2.2,902.2
13,08,2020,21,46,27,23.4,2.2,902.2
13,08,2020,21,46,28,23.4,2.2,902.2
13,08,2020,21,46,29,23.4,2.2,902.2
13,08,2020,21,46,30,23.4,2.2,902.2
13,08,2020,21,46,31,23.4,2.2,902.2
13,08,2020,21,46,32,23.4,2.2,902.2
13,08,2020,21,46,33,23.4,2.2,902.2
13,08,2020,21,46,34,23.4,2.2,902.2
13,08,2020,21,46,35,23.4,2.2,902.2
13,08,2020,21,46,36,23.4,2.2,902.2
13,08,2020,21,46,37,23.4,2.2,902.2
13,08,2020,21,46,38,23.4,2.2,902.2
13,08,2020,21,46,39,23.4,2.2,902.2
13,08,2020,21,46,40,23.4,2.2,902.2
13,08,2020,21,46,41,23.4,2.2,902.2
13,08,2020,21,46,42,23.4,2.2,902.2
13,08,2020,21,46,43,23.4,2.2,902.2
13,08,2020,21,46,44,23.4,2.2,902.2
13,08,2020,21,46,45,23.4,2.2,902.2
13,08,2020,21,46,46,23.4,2.2,902.2
13,08,2020,21,46,47,23.4,2.2,902.2
13,08,2020,21,46,48,23.4,2.2,902.2
13,08,2020,21,46,49,23.4,2.2,902.2
13,08,2020,21,46,50,23.4,2.2,902.2
13,08,2020,21,46,51,23.4,2.2,902.2
13,08,2020,21,46,52,23.4,2.2,902.2
13,08,2020,21,46,53,23.4,2.2,902.2
13,08,2020,21,46,54,23.4,2.2,902.2
13,08,2020,21,46,55,23.4,2.2,902.2
13,08,2020,21,46,56,23.4,2.2,902.2
13,08,2020,21,46,57,23.4,2.2,902.2
13,08,2020,21,46,58,23.4,2.2,902.2
13,08,2020,21,46,59,23.4,2.2,902.2
13,08,2020,21,47,00,23.4,2.2,902.2
13,08,2020,21,47,40,23.4,2.2,902.2
13,08,2020,21,47,40,23.4,2.2,902.2
13,08,2020,21,47,40,23.4,2.2,902.2
13,08,2020,21,47,40,23.4,2.2,902.2
13,08,2020,21,47,41,23.4,2.2,902.2
13,08,2020,21,47,41,23.4,2.2,902.2
13,08,2020,21,47,41,23.4,2.2,902.2
13,08,2020,21,47,41,23.4,2.2,902.2
13,08,2020,21,47,41,23.4,2.2,902.2
13,08,2020,21,47,41,23.4,2.2,902.2
13,08,2020,21,47,41,23.4,2.2,902.2
13,08,2020,21,47,42,23.4,2.2,902.2
13,08,2020,21,47,42,23.4,2.2,902.2
13,08,2020,21,47,42,23.4,2.2,902.2
13,08,2020,21,47,42,23.4,2.2,902.2
13,08,2020,21,47,42,23.4,2.2,902.2
13,08,2020,21,47,42,23.4,2.2,902.2
13,08,2020,21,47,42,23.4,2.2,902.2
13,08,2020,21,47,42,23.4,2.2,902.2
13,08,2020,21,47,42,23.4,2.2,902.2
13,08,2020,21,47,42,23.4,2.2,902.2
13,08,2020,21,47,42,23.4,2.2,902.2
13,08,2020,21,47,42,23.4,2.2,902.2
13,08,2020,21,47,42,23.4,2.2,902.2
13,08,2020,21,47,43,23.4,2.2,902.2
13,08,2020,21,47,43,23.4,2.2,902.2
13,08,2020,21,47,43,23.4,2.2,902.2
13,08,2020,21,47,43,23.4,2.2,902.2
13,08,2020,21,47,43,23.4,2.2,902.2
13,08,2020,21,47,43,23.4,2.2,902.2
13,08,2020,21,47,43,23.4,2.2,902.2
13,08,2020,21,47,43,23.4,2.2,902.2
13,08,2020,21,47,43,23.4,2.2,902.2
13,08,2020,21,47,43,23.4,2.2,902.2
13,08,2020,21,47,44,23.4,2.2,902.2
13,08,2020,21,47,44,23.4,2.2,902.2
13,08,2020,21,47,44,23.4,2.2,902.2
13,08,2020,21,47,44,23.4,2.2,902.2
13,08,2020,21,47,44,23.4,2.2,902.2
13,08,2020,21,47,44,23.4,2.2,902.2
13,08,2020,21,47,44,23.4,2.2,902.2
13,08,2020,21,47,44,23.4,2.2,902.2
13,08,2020,21,47,44,23.4,2.2,902.2
13,08,2020,21,47,44,23.4,2.2,902.2
13,08,2020,21,47,45,23.4,2.2,902.2
13,08,2020,21,47,45,23.4,2.2,902.2
13,08,2020,21,47,45,23.4,2.2,902.2
13,08,2020,21,47,45,23.4,2.2,902.2
13,08,2020,21,47,45,23.4,2.2,902.2
13,08,2020,21,47,45,23.4,2.2,902.2
13,08,2020,21,47,45,23.4,2.2,902.2
13,08,2020,21,47,45,23.4,2.2,902.2
13,08,2020,21,47,45,23.4,2.2,902.2
13,08,2020,21,47,45,23.4,2.2,902.2
13,08,2020,21,47,46,23.4,2.2,902.2
13,08,2020,21,47,46,23.4,2.2,902.2
13,08,2020,21,47,46,23.4,2.2,902.2
13,08,2020,21,47,46,23.4,2.2,902.2
13,08,2020,21,47,46,23.4,2.2,902.2
13,08,2020,21,47,46,23.4,2.2,902.2
13,08,2020,21,47,46,23.4,2.2,902.2
13,08,2020,21,47,46,23.4,2.2,902.2
13,08,2020,21,47,46,23.4,2.2,902.2
13,08,2020,21,47,46,23.4,2.2,902.2
13,08,2020,21,47,47,23.4,2.2,902.2
13,08,2020,21,47,47,23.4,2.2,902.2
13,08,2020,21,47,47,23.4,2.2,902.2
13,08,2020,21,47,47,23.4,2.2,902.2
13,08,2020,21,47,47,23.4,2.2,902.2
13,08,2020,21,47,47,23.4,2.2,902.2
13,08,2020,21,47,47,23.4,2.2,902.2
13,08,2020,21,47,47,23.4,2.2,902.2
13,08,2020,21,47,47,23.4,2.2,902.2
13,08,2020,21,47,47,23.4,2.2,902.2
13,08,2020,21,47,48,23.4,2.2,902.2
13,08,2020,21,47,48,23.4,2.2,902.2
13,08,2020,21,47,48,23.4,2.2,902.2
13,08,2020,21,47,48,23.4,2.2,902.2
13,08,2020,21,47,48,23.4,2.2,902.2
13,08,2020,21,47,48,23.4,2.2,902.2
13,08,2020,21,47,48,23.4,2.2,902.2
13,08,2020,21,47,48,23.4,2.2,902.2
13,08,2020,21,47,48,23.4,2.2,902.2
13,08,2020,21,47,48,23.4,2.2,902.2
13,08,2020,21,47,49,23.4,2.2,902.2
13,08,2020,21,47,49,23.4,2.2,902.2
13,08,2020,21,47,49,23.4,2.2,902.2
13,08,2020,21,47,49,23.4,2.2,902.2
13,08,2020,21,47,49,23.4,2.2,902.2
13,08,2020,21,47,49,23.4,2.2,902.2
13,08,2020,21,47,49,23.4,2.2,902.2
13,08,2020,21,47,49,23.4,2.2,902.2
13,08,2020,21,47,49,23.4,2.2,902.2
13,08,2020,21,47,49,23.4,2.2,902.2
13,08,2020,21,47,50,23.4,2.2,902.2
13,08,2020,21,47,50,23.4,2.2,902.2
13,08,2020,21,47,50,23.4,2.2,902.2
13,08,2020,21,47,50,23.4,2.2,902.2
13,08,2020,21,47,50,23.4,2.2,902.2
13,08,2020,21,47,50,23.4,2.2,902.2
13,08,2020,21,47,50,23.4,2.2,902.2
13,08,2020,21,47,50,23.4,2.2,902.2
13,08,2020,21,47,50,23.4,2.2,902.2
13,08,2020,21,47,50,23.4,2.2,902.2
13,08,2020,21,47,51,23.4,2.2,902.2
13,08,2020,21,47,51,23.4,2.2,902.2
13,08,2020,21,47,51,23.4,2.2,902.2
13,08,2020,21,47,51,23.4,2.2,902.2
13,08,2020,21,47,51,23.4,2.2,902.2
13,08,2020,21,47,51,23.4,2.2,902.2
13,08,2020,21,47,51,23.4,2.2,902.2
13,08,2020,21,47,51,23.4,2.2,902.2
13,08,2020,21,47,51,23.4,2.2,902.2
13,08,2020,21,47,51,23.4,2.2,902.2
13,08,2020,21,47,52,23.4,2.2,902.2
13,08,2020,21,47,52,23.4,2.2,902.2
13,08,2020,21,47,52,23.4,2.2,902.2
13,08,2020,21,47,52,23.4,2.2,902.2
13,08,2020,21,47,52,23.4,2.2,902.2
13,08,2020,21,47,52,23.4,2.2,902.2
13,08,2020,21,47,52,23.4,2.2,902.2
13,08,2020,21,47,52,23.4,2.2,902.2
13,08,2020,21,47,52,23.4,2.2,902.2
13,08,2020,21,47,52,23.4,2.2,902.2
13,08,2020,21,47,53,23.4,2.2,902.2
13,08,2020,21,47,53,23.4,2.2,902.2
13,08,2020,21,47,53,23.4,2.2,902.2
13,08,2020,21,47,53,23.4,2.2,902.2
13,08,2020,21,47,53,23.4,2.2,902.2
13,08,2020,21,47,53,23.4,2.2,902.2
13,08,2020,21,47,53,23.4,2.2,902.2
13,08,2020,21,47,53,23.4,2.2,902.2
13,08,2020,21,47,53,23.4,2.2,902.2
13,08,2020,21,47,53,23.4,2.2,902.2
13,08,2020,21,47,54,23.4,2.2,902.2
13,08,2020,21,47,54,23.4,2.2,902.2
13,08,2020,21,47,54,23.4,2.2,902.2
13,08,2020,21,47,54,23.4,2.2,902.2
13,08,2020,21,47,54,23.4,2.2,902.2
13,08,2020,21,47,54,23.4,2.2,902.2
13,08,2020,21,47,54,23.4,2.2,902.2
13,08,2020,21,47,54,23.4,2.2,902.2
13,08,2020,21,47,54,23.4,2.2,902.2
13,08,2020,21,47,54,23.4,2.2,902.2
13,08,2020,21,47,55,23.4,2.2,902.2
13,08,2020,21,47,55,23.4,2.2,902.2
13,08,2020,21,47,55,23.4,2.2,902.2
13,08,2020,21,47,55,23.4,2.2,902.2
13,08,2020,21,47,55,23.4,2.2,902.2
13,08,2020,21,47,55,23.4,2.2,902.2
13,08,2020,21,47,55,23.4,2.2,902.2
13,08,2020,21,47,55,23.4,2.2,902.2
13,08,2020,21,47,55,23.4,2.2,902.2
13,08,2020,21,47,55,23.4,2.2,902.2
13,08,2020,21,47,56,23.4,2.2,902.2
13,08,2020,21,47,56,23.4,2.2,902.2
13,08,2020,21,47,56,23.4,2.2,902.2
13,08,2020,21,47,56,23.4,2.2,902.2
13,08,2020,21,47,56,23.4,2.2,902.2
13,08,2020,21,47,56,23.4,2.2,902.2
13,08,2020,21,47,56,23.4,2.2,902.2
13,08,2020,21,47,56,23.4,2.2,902.2
13,08,2020,21,47,56,23.4,2.2,902.2
13,08,2020,21,47,56,23.4,2.2,902.2
13,08,2020,21,47,57,23.4,2.2,902.2
13,08,2020,21,47,57,23.4,2.2,902.2
13,08,2020,21,47,57,23.4,2.2,902.2
13,08,2020,21,47,57,23.4,2.2,902.2
13,08,2020,21,47,57,23.4,2.2,902.2
13,08,2020,21,47,57,23.4,2.2,902.2
13,08,2020,21,47,57,23.4,2.2,902.2
13,08,2020,21,47,57,23.4,2.2,902.2
13,08,2020,21,47,57,23.4,2.2,902.2
13,08,2020,21,47,57,23.4,2.2,902.2
13,08,2020,21,47,58,23.4,2.2,902.2
13,08,2020,21,47,58,23.4,2.2,902.2
13,08,2020,21,47,58,23.4,2.2,902.2
13,08,2020,21,47,58,23.4,2.2,902.2
13,08,2020,21,47,58,23.4,2.2,902.2
13,08,2020,21,47,58,23.4,2.2,902.2
13,08,2020,21,47,58,23.4,2.2,902.2
13,08,2020,21,47,58,23.4,2.2,902.2
13,08,2020,21,47,58,23.4,2.2,902.2
13,08,2020,21,47,58,23.4,2.2,902.2
13,08,2020,21,47,59,23.4,2.2,902.2
13,08,2020,21,47,59,23.4,2.2,902.2
13,08,2020,21,47,59,23.4,2.2,902.2
13,08,2020,21,47,59,23.4,2.2,902.2
13,08,2020,21,47,59,23.4,2.2,902.2
13,08,2020,21,47,59,23.4,2.2,902.2
13,08,2020,21,47,59,23.4,2.2,902.2
13,08,2020,21,47,59,23.4,2.2,902.2
13,08,2020,21,47,59,23.4,2.2,902.2
13,08,2020,21,47,59,23.4,2.2,902.2
13,08,2020,21,48,00,23.4,2.2,902.2
13,08,2020,21,48,00,23.4,2.2,902.2
13,08,2020,21,48,00,23.4,2.2,902.2
13,08,2020,21,48,00,23.4,2.2,902.2
13,08,2020,21,48,00,23.4,2.2,902.2
13,08,2020,21,48,00,23.4,2.2,902.2
13,08,2020,21,48,00,23.4,2.2,902.2
13,08,2020,21,48,00,23.4,2.2,902.2
13,08,2020,21,48,00,23.4,2.2,902.2
13,08,2020,21,48,00,23.4,2.2,902.2
13,08,2020,21,48,01,23.4,2.2,902.2
13,08,2020,21,48,01,23.4,2.2,902.2
13,08,2020,21,48,01,23.4,2.2,902.2
13,08,2020,21,48,01,23.4,2.2,902.2
13,08,2020,21,48,01,23.4,2.2,902.2
13,08,2020,21,48,01,23.4,2.2,902.2
13,08,2020,21,48,01,23.4,2.2,902.2
13,08,2020,21,48,01,23.4,2.2,902.2
13,08,2020,21,48,01,23.4,2.2,902.2
13,08,2020,21,48,01,23.4,2.2,902.2
13,08,2020,21,48,02,23.4,2.2,902.2
13,08,2020,21,48,02,23.4,2.2,902.2
13,08,2020,21,48,02,23.4,2.2,902.2
13,08,2020,21,48,02,23.4,2.2,902.2
13,08,2020,21,48,02,23.4,2.2,902.2
13,08,2020,21,48,02,23.4,2.2,902.2
13,08,2020,21,48,02,23.4,2.2,902.2
13,08,2020,21,48,02,23.4,2.2,902.2
13,08,2020,21,48,02,23.4,2.2,902.2
13,08,2020,21,48,02,23.4,2.2,902.2
13,08,2020,21,48,03,23.4,2.2,902.2
13,08,2020,21,48,03,23.4,2.2,902.2
13,08,2020,21,48,03,23.4,2.2,902.2
13,08,2020,21,48,03,23.4,2.2,902.2
13,08,2020,21,48,03,23.4,2.2,902.2
13,08,2020,21,48,03,23.4,2.2,902.2
13,08,2020,21,48,03,23.4,2.2,902.2
13,08,2020,21,48,03,23.4,2.2,902.2
13,08,2020,21,48,03,23.4,2.2,902.2
13,08,2020,21,48,03,23.4,2.2,902.2
13,08,2020,21,48,04,23.4,2.2,902.2
13,08,2020,21,48,04,23.4,2.2,902.2
13,08,2020,21,48,04,23.4,2.2,902.2
13,08,2020,21,48,04,23.4,2.2,902.2
13,08,2020,21,48,04,23.4,2.2,902.2
13,08,2020,21,48,04,23.4,2.2,902.2
13,08,2020,21,48,04,23.4,2.2,902.2
13,08,2020,21,48,04,23.4,2.2,902.2
13,08,2020,21,48,04,23.4,2.2,902.2
13,08,2020,21,48,05,23.4,2.2,902.2
13,08,2020,21,48,05,23.4,2.2,902.2
13,08,2020,21,48,05,23.4,2.2,902.2
13,08,2020,21,48,05,23.4,2.2,902.2
13,08,2020,21,48,05,23.4,2.2,902.2
13,08,2020,21,48,05,23.4,2.2,902.2
13,08,2020,21,48,05,23.4,2.2,902.2
13,08,2020,21,48,05,23.4,2.2,902.2
13,08,2020,21,48,05,23.4,2.2,902.2
13,08,2020,21,48,05,23.4,2.2,902.2
13,08,2020,21,48,06,23.4,2.2,902.2
13,08,2020,21,48,06,23.4,2.2,902.2
13,08,2020,21,48,06,23.4,2.2,902.2
13,08,2020,21,48,06,23.4,2.2,902.2
13,08,2020,21,48,06,23.4,2.2,902.2
13,08,2020,21,48,06,23.4,2.2,902.2
13,08,2020,21,48,06,23.4,2.2,902.2
13,08,2020,21,48,06,23.4,2.2,902.2
13,08,2020,21,48,06,23.4,2.2,902.2
13,08,2020,21,48,06,23.4,2.2,902.2
13,08,2020,21,48,06,23.4,2.2,902.2
13,08,2020,21,48,07,23.4,2.2,902.2
13,08,2020,21,48,07,23.4,2.2,902.2
13,08,2020,21,48,07,23.4,2.2,902.2
13,08,2020,21,48,07,23.4,2.2,902.2
13,08,2020,21,48,07,23.4,2.2,902.2
13,08,2020,21,48,07,23.4,2.2,902.2
13,08,2020,21,48,07,23.4,2.2,902.2
13,08,2020,21,48,07,23.4,2.2,902.2
13,08,2020,21,48,07,23.4,2.2,902.2
13,08,2020,21,48,07,23.4,2.2,902.2
13,08,2020,21,48,08,23.4,2.2,902.2
13,08,2020,21,48,08,23.4,2.2,902.2
13,08,2020,21,48,08,23.4,2.2,902.2
13,08,2020,21,48,08,23.4,2.2,902.2
13,08,2020,21,48,08,23.4,2.2,902.2
13,08,2020,21,48,08,23.4,2.2,902.2
13,08,2020,21,48,08,23.4,2.2,902.2
13,08,2020,21,48,08,23.4,2.2,902.2
13,08,2020,21,48,08,23.4,2.2,902.2
13,08,2020,21,48,08,23.4,2.2,902.2
13,08,2020,21,48,09,23.4,2.2,902.2
13,08,2020,21,48,09,23.4,2.2,902.2
13,08,2020,21,48,09,23.4,2.2,902.2
13,08,2020,21,48,09,23.4,2.2,902.2
13,08,2020,21,48,09,23.4,2.2,902.2
13,08,2020,21,48,09,23.4,2.2,902.2
13,08,2020,21,48,09,23.4,2.2,902.2
13,08,2020,21,48,09,23.4,2.2,902.2
13,08,2020,21,48,09,23.4,2.2,902.2
13,08,2020,21,48,10,23.4,2.2,902.2
13,08,2020,21,48,10,23.4,2.2,902.2
13,08,2020,21,48,10,23.4,2.2,902.2
13,08,2020,21,48,10,23.4,2.2,902.2
13,08,2020,21,48,10,23.4,2.2,902.2
13,08,2020,21,48,10,23.4,2.2,902.2
13,08,2020,21,48,10,23.4,2.2,902.2
13,08,2020,21,48,10,23.4,2.2,902.2
13,08,2020,21,48,10,23.4,2.2,902.2
13,08,2020,21,48,10,23.4,2.2,902.2
13,08,2020,21,48,10,23.4,2.2,902.2
13,08,2020,21,48,11,23.4,2.2,902.2
13,08,2020,21,48,11,23.4,2.2,902.2
13,08,2020,21,48,11,23.4,2.2,902.2
13,08,2020,21,48,11,23.4,2.2,902.2
13,08,2020,21,48,11,23.4,2.2,902.2
13,08,2020,21,48,11,23.4,2.2,902.2
13,08,2020,21,48,11,23.4,2.2,902.2
13,08,2020,21,48,11,23.4,2.2,902.2
13,08,2020,21,48,11,23.4,2.2,902.2
13,08,2020,21,48,11,23.4,2.2,902.2
13,08,2020,21,48,12,23.4,2.2,902.2
13,08,2020,21,48,12,23.4,2.2,902.2
13,08,2020,21,48,12,23.4,2.2,902.2
13,08,2020,21,48,12,23.4,2.2,902.2
13,08,2020,21,48,12,23.4,2.2,902.2
13,08,2020,21,48,12,23.4,2.2,902.2
13,08,2020,21,48,12,23.4,2.2,902.2
13,08,2020,21,48,12,23.4,2.2,902.2
13,08,2020,21,48,12,23.4,2.2,902.2
13,08,2020,21,48,12,23.4,2.2,902.2
13,08,2020,21,48,13,23.4,2.2,902.2
13,08,2020,21,48,13,23.4,2.2,902.2
13,08,2020,21,48,13,23.4,2.2,902.2
13,08,2020,21,48,13,23.4,2.2,902.2
13,08,2020,21,48,13,23.4,2.2,902.2
13,08,2020,21,48,13,23.4,2.2,902.2
13,08,2020,21,48,13,23.4,2.2,902.2
13,08,2020,21,48,13,23.4,2.2,902.2
13,08,2020,21,48,13,23.4,2.2,902.2
13,08,2020,21,48,13,23.4,2.2,902.2
13,08,2020,21,48,14,23.4,2.2,902.2
13,08,2020,21,48,14,23.4,2.2,902.2
13,08,2020,21,48,14,23.4,2.2,902.2
13,08,2020,21,48,14,23.4,2.2,902.2
13,08,2020,21,48,14,23.4,2.2,902.2
13,08,2020,21,48,14,23.4,2.2,902.2
13,08,2020,21,48,14,23.4,2.2,902.2
13,08,2020,21,48,14,23.4,2.2,902.2
13,08,2020,21,48,14,23.4,2.2,902.2
13,08,2020,21,48,15,23.4,2.2,902.2
13,08,2020,21,48,15,23.4,2.2,902.2
13,08,2020,21,48,15,23.4,2.2,902.2
13,08,2020,21,48,15,23.4,2.2,902.2
13,08,2020,21,48,15,23.4,2.2,902.2
13,08,2020,21,48,15,23.4,2.2,902.2
13,08,2020,21,48,15,23.4,2.2,902.2
13,08,2020,21,48,15,23.4,2.2,902.2
13,08,2020,21,48,15,23.4,2.2,902.2
13,08,2020,21,48,15,23.4,2.2,902.2
13,08,2020,21,48,16,23.4,2.2,902.2
13,08,2020,21,48,16,23.4,2.2,902.2
13,08,2020,21,48,16,23.4,2.2,902.2
13,08,2020,21,48,16,23.4,2.2,902.2
13,08,2020,21,48,16,23.4,2.2,902.2
13,08,2020,21,48,16,23.4,2.2,902.2
13,08,2020,21,48,16,23.4,2.2,902.2
13,08,2020,21,48,16,23.4,2.2,902.2
13,08,2020,21,48,16,23.4,2.2,902.2
13,08,2020,21,48,16,23.4,2.2,902.2
13,08,2020,21,48,17,23.4,2.2,902.2
13,08,2020,21,48,17,23.4,2.2,902.2
13,08,2020,21,48,17,23.4,2.2,902.2
13,08,2020,21,48,17,23.4,2.2,902.2
13,08,2020,21,48,17,23.4,2.2,902.2
13,08,2020,21,48,17,23.4,2.2,902.2
13,08,2020,21,48,17,23.4,2.2,902.2
13,08,2020,21,48,17,23.4,2.2,902.2
13,08,2020,21,48,17,23.4,2.2,902.2
13,08,2020,21,48,17,23.4,2.2,902.2
13,08,2020,21,48,18,23.4,2.2,902.2
13,08,2020,21,48,18,23.4,2.2,902.2
13,08,2020,21,48,18,23.4,2.2,902.2
13,08,2020,21,48,18,23.4,2.2,902.2
13,08,2020,21,48,18,23.4,2.2,902.2
13,08,2020,21,48,18,23.4,2.2,902.2
13,08,2020,21,48,18,23.4,2.2,902.2
13,08,2020,21,48,18,23.4,2.2,902.2
13,08,2020,21,48,18,23.4,2.2,902.2
13,08,2020,21,48,18,23.4,2.2,902.2
13,08,2020,21,48,19,23.4,2.2,902.2
13,08,2020,21,48,19,23.4,2.2,902.2
13,08,2020,21,48,19,23.4,2.2,902.2
13,08,2020,21,48,19,23.4,2.2,902.2
13,08,2020,21,48,19,23.4,2.2,902.2
13,08,2020,21,48,19,23.4,2.2,902.2
13,08,2020,21,48,19,23.4,2.2,902.2
13,08,2020,21,48,19,23.4,2.2,902.2
13,08,2020,21,48,19,23.4,2.2,902.2
13,08,2020,21,48,19,23.4,2.2,902.2
13,08,2020,21,48,20,23.4,2.2,902.2
13,08,2020,21,48,20,23.4,2.2,902.2
13,08,2020,21,48,20,23.4,2.2,902.2
13,08,2020,21,48,20,23.4,2.2,902.2
13,08,2020,21,48,20,23.4,2.2,902.2
13,08,2020,21,48,20,23.4,2.2,902.2
13,08,2020,21,48,20,23.4,2.2,902.2
13,08,2020,21,48,20,23.4,2.2,902.2
13,08,2020,21,48,20,23.4,2.2,902.2
13,08,2020,21,48,20,23.4,2.2,902.2
13,08,2020,21,48,21,23.4,2.2,902.2
13,08,2020,21,48,21,23.4,2.2,902.2
13,08,2020,21,48,21,23.4,2.2,902.2
13,08,2020,21,48,21,23.4,2.2,902.2
13,08,2020,21,48,21,23.4,2.2,902.2
13,08,2020,21,48,21,23.4,2.2,902.2
13,08,2020,21,48,21,23.4,2.2,902.2
13,08,2020,21,48,21,23.4,2.2,902.2
13,08,2020,21,48,21,23.4,2.2,902.2
13,08,2020,21,48,21,23.4,2.2,902.2
13,08,2020,21,48,22,23.4,2.2,902.2
13,08,2020,21,48,22,23.4,2.2,902.2
13,08,2020,21,48,22,23.4,2.2,902.2
13,08,2020,21,48,22,23.4,2.2,902.2
13,08,2020,21,48,22,23.4,2.2,902.2
13,08,2020,21,48,22,23.4,2.2,902.2
13,08,2020,21,48,22,23.4,2.2,902.2
13,08,2020,21,48,22,23.4,2.2,902.2
13,08,2020,21,48,22,23.4,2.2,902.2
13,08,2020,21,48,22,23.4,2.2,902.2
13,08,2020,21,48,23,23.4,2.2,902.2
13,08,2020,21,48,23,23.4,2.2,902.2
13,08,2020,21,48,23,23.4,2.2,902.2
13,08,2020,21,48,23,23.4,2.2,902.2
13,08,2020,21,48,23,23.4,2.2,902.2
13,08,2020,21,48,23,23.4,2.2,902.2
13,08,2020,21,48,23,23.4,2.2,902.2
13,08,2020,21,48,23,23.4,2.2,902.2
13,08,2020,21,48,23,23.4,2.2,902.2
13,08,2020,21,48,23,23.4,2.2,902.2
13,08,2020,21,48,24,23.4,2.2,902.2
13,08,2020,21,48,24,23.4,2.2,902.2
13,08,2020,21,48,24,23.4,2.2,902.2
13,08,2020,21,48,24,23.4,2.2,902.2
13,08,2020,21,48,24,23.4,2.2,902.2
13,08,2020,21,48,24,23.4,2.2,902.2
13,08,2020,21,48,24,23.4,2.2,902.2
13,08,2020,21,48,24,23.4,2.2,902.2
13,08,2020,21,48,24,23.4,2.2,902.2
13,08,2020,21,48,24,23.4,2.2,902.2
13,08,2020,21,48,25,23.4,2.2,902.2
13,08,2020,21,48,25,23.4,2.2,902.2
13,08,2020,21,48,25,23.4,2.2,902.2
13,08,2020,21,48,25,23.4,2.2,902.2
13,08,2020,21,48,25,23.4,2.2,902.2
13,08,2020,21,48,25,23.4,2.2,902.2
13,08,2020,21,48,25,23.4,2.2,902.2
13,08,2020,21,48,25,23.4,2.2,902.2
13,08,2020,21,48,25,23.4,2.2,902.2
13,08,2020,21,48,25,23.4,2.2,902.2
13,08,2020,21,48,26,23.4,2.2,902.2
13,08,2020,21,48,26,23.4,2.2,902.2
13,08,2020,21,48,26,23.4,2.2,902.2
13,08,2020,21,48,26,23.4,2.2,902.2
13,08,2020,21,48,26,23.4,2.2,902.2
13,08,2020,21,48,26,23.4,2.2,902.2
13,08,2020,21,48,26,23.4,2.2,902.2
13,08,2020,21,48,26,23.4,2.2,902.2
13,08,2020,21,48,26,23.4,2.2,902.2
13,08,2020,21,48,26,23.4,2.2,902.2
13,08,2020,21,48,27,23.4,2.2,902.2
13,08,2020,21,48,27,23.4,2.2,902.2
13,08,2020,21,48,27,23.4,2.2,902.2
13,08,2020,21,48,27,23.4,2.2,902.2
13,08,2020,21,48,27,23.4,2.2,902.2
13,08,2020,21,48,27,23.4,2.2,902.2
13,08,2020,21,48,27,23.4,2.2,902.2
13,08,2020,21,48,27,23.4,2.2,902.2
13,08,2020,21,48,27,23.4,2.2,902.2
13,08,2020,21,48,27,23.4,2.2,902.2
13,08,2020,21,48,28,23.4,2.2,902.2
13,08,2020,21,48,28,23.4,2.2,902.2
13,08,2020,21,48,28,23.4,2.2,902.2
13,08,2020,21,48,28,23.4,2.2,902.2
13,08,2020,21,48,28,23.4,2.2,902.2
13,08,2020,21,48,28,23.4,2.2,902.2
13,08,2020,21,48,28,23.4,2.2,902.2
13,08,2020,21,48,28,23.4,2.2,902.2
13,08,2020,21,48,28,23.4,2.2,902.2
13,08,2020,21,48,28,23.4,2.2,902.2
13,08,2020,21,48,29,23.4,2.2,902.2
13,08,2020,21,48,29,23.4,2.2,902.2
13,08,2020,21,48,29,23.4,2.2,902.2
13,08,2020,21,48,29,23.4,2.2,902.2
13,08,2020,21,48,29,23.4,2.2,902.2
13,08,2020,21,48,29,23.4,2.2,902.2
13,08,2020,21,48,29,23.4,2.2,902.2
13,08,2020,21,48,29,23.4,2.2,902.2
13,08,2020,21,48,29,23.4,2.2,902.2
13,08,2020,21,48,29,23.4,2.2,902.2
13,08,2020,21,48,30,23.4,2.2,902.2
13,08,2020,21,48,30,23.4,2.2,902.2
13,08,2020,21,48,30,23.4,2.2,902.2
13,08,2020,21,48,30,23.4,2.2,902.2
13,08,2020,21,48,30,23.4,2.2,902.2
13,08,2020,21,48,30,23.4,2.2,902.2
13,08,2020,21,48,30,23.4,2.2,902.2
13,08,2020,21,48,30,23.4,2.2,902.2
13,08,2020,21,48,30,23.4,2.2,902.2
13,08,2020,21,48,30,23.4,2.2,902.2
13,08,2020,21,48,31,23.4,2.2,902.2
13,08,2020,21,48,31,23.4,2.2,902.2
13,08,2020,21,48,31,23.4,2.2,902.2
13,08,2020,21,48,31,23.4,2.2,902.2
13,08,2020,21,48,31,23.4,2.2,902.2
13,08,2020,21,48,31,23.4,2.2,902.2
13,08,2020,21,48,31,23.4,2.2,902.2
13,08,2020,21,48,31,23.4,2.2,902.2
13,08,2020,21,48,31,23.4,2.2,902.2
13,08,2020,21,48,31,23.4,2.2,902.2
13,08,2020,21,48,32,23.4,2.2,902.2
13,08,2020,21,48,32,23.4,2.2,902.2
13,08,2020,21,48,32,23.4,2.2,902.2
13,08,2020,21,48,32,23.4,2.2,902.2
13,08,2020,21,48,32,23.4,2.2,902.2
13,08,2020,21,48,32,23.4,2.2,902.2
13,08,2020,21,48,32,23.4,2.2,902.2
13,08,2020,21,48,32,23.4,2.2,902.2
13,08,2020,21,48,32,23.4,2.2,902.2
13,08,2020,21,48,32,23.4,2.2,902.2
13,08,2020,21,48,33,23.4,2.2,902.2
13,08,2020,21,48,33,23.4,2.2,902.2
13,08,2020,21,48,33,23.4,2.2,902.2
13,08,2020,21,48,33,23.4,2.2,902.2
13,08,2020,21,48,33,23.4,2.2,902.2
13,08,2020,21,48,33,23.4,2.2,902.2
13,08,2020,21,48,33,23.4,2.2,902.2
13,08,2020,21,48,33,23.4,2.2,902.2
13,08,2020,21,48,33,23.4,2.2,902.2
13,08,2020,21,48,33,23.4,2.2,902.2
13,08,2020,21,48,34,23.4,2.2,902.2
13,08,2020,21,48,34,23.4,2.2,902.2
13,08,2020,21,48,34,23.4,2.2,902.2
13,08,2020,21,48,34,23.4,2.2,902.2
13,08,2020,21,48,34,23.4,2.2,902.2
13,08,2020,21,48,34,23.4,2.2,902.2
13,08,2020,21,48,34,23.4,2.2,902.2
13,08,2020,21,48,34,23.4,2.2,902.2
13,08,2020,21,48,34,23.4,2.2,902.2
13,08,2020,21,48,34,23.4,2.2,902.2
13,08,2020,21,48,35,23.4,2.2,902.2
13,08,2020,21,48,35,23.4,2.2,902.2
13,08,2020,21,48,35,23.4,2.2,902.2
13,08,2020,21,48,35,23.4,2.2,902.2
13,08,2020,21,48,35,23.4,2.2,902.2
13,08,2020,21,48,35,23.4,2.2,902.2
13,08,2020,21,48,35,23.4,2.2,902.2
13,08,2020,21,48,35,23.4,2.2,902.2
13,08,2020,21,48,35,23.4,2.2,902.2
13,08,2020,21,48,35,23.4,2.2,902.2
13,08,2020,21,48,36,23.4,2.2,902.2
13,08,2020,21,48,36,23.4,2.2,902.2
13,08,2020,21,48,36,23.4,2.2,902.2
13,08,2020,21,48,36,23.4,2.2,902.2
13,08,2020,21,48,36,23.4,2.2,902.2
13,08,2020,21,48,36,23.4,2.2,902.2
13,08,2020,21,48,36,23.4,2.2,902.2
13,08,2020,21,48,36,23.4,2.2,902.2
13,08,2020,21,48,36,23.4,2.2,902.2
13,08,2020,21,48,36,23.4,2.2,902.2
13,08,2020,21,48,37,23.4,2.2,902.2
13,08,2020,21,48,37,23.4,2.2,902.2
13,08,2020,21,48,37,23.4,2.2,902.2
13,08,2020,21,48,37,23.4,2.2,902.2
13,08,2020,21,48,37,23.4,2.2,902.2
13,08,2020,21,48,37,23.4,2.2,902.2
13,08,2020,21,48,37,23.4,2.2,902.2
13,08,2020,21,48,37,23.4,2.2,902.2
13,08,2020,21,48,37,23.4,2.2,902.2
13,08,2020,21,48,37,23.4,2.2,902.2
13,08,2020,21,48,38,23.4,2.2,902.2
13,08,2020,21,48,38,23.4,2.2,902.2
13,08,2020,21,48,38,23.4,2.2,902.2
13,08,2020,21,48,38,23.4,2.2,902.2
13,08,2020,21,48,38,23.4,2.2,902.2
13,08,2020,21,48,38,23.4,2.2,902.2
13,08,2020,21,48,38,23.4,2.2,902.2
13,08,2020,21,48,38,23.4,2.2,902.2
13,08,2020,21,48,38,23.4,2.2,902.2
13,08,2020,21,48,38,23.4,2.2,902.2
13,08,2020,21,48,39,23.4,2.2,902.2
13,08,2020,21,48,39,23.4,2.2,902.2
13,08,2020,21,48,39,23.4,2.2,902.2
13,08,2020,21,48,39,23.4,2.2,902.2
13,08,2020,21,48,39,23.4,2.2,902.2
13,08,2020,21,48,39,23.4,2.2,902.2
13,08,2020,21,48,39,23.4,2.2,902.2
13,08,2020,21,48,39,23.4,2.2,902.2
13,08,2020,21,48,39,23.4,2.2,902.2
13,08,2020,21,48,39,23.4,2.2,902.2
13,08,2020,21,48,40,23.4,2.2,902.2
13,08,2020,21,48,40,23.4,2.2,902.2
13,08,2020,21,48,40,23.4,2.2,902.2
13,08,2020,21,48,40,23.4,2.2,902.2
13,08,2020,21,48,40,23.4,2.2,902.2
